r1 = 1.000000, -1.000000
r2 = 1.000000, -1.000000
r3 = 1.000000, -1.000000
r4 = 1.000000, -1.000000
r5 = 1.000000, -1.000000
r6 = 1.000000, -1.000000
c1 = 0.000000, -1.000000
c2 = 0.000000, -1.000000
c3 = 0.000000, -1.000000
