% 各个模块连杆称重
M = [-19.77; -19.29; - 19.34; 11.74; 11.81; 11.77; 18.0; 15.50]; % i5 各个模块质量
g = 9.81;
offset = 27.58;
M_t = offset.*ones(8,1) - M;
M = M_t/g;
M1 = M(1)
M2 = M(2) + M(7) + M(3)
M3 = M(8) + M(4)
M4 = M(5)
M5 = M(6)
M6 = 0.195;
M_ref = [M1;M2;M3;M4;M5;M6]